0 0 32 1 1 2 1 2 2 1 2 1 6 1 3 1 2 6 1 3 3 3 1 2 2 2 2 1 1 2 1 4 1 1 1 
0 1 12 2 2 1 1 4 2 2 3 4 1 1 1 
3 0 4 1 1 1 3 
2 1 24 2 1 1 1 
16 0 29 1 1 1 1 1 2 2 1 1 1 5 1 6 1 1 1 2 2 1 3 2 2 1 1 1 2 1 1 2 
3 1 21 1 2 1 1 1 1 4 2 1 1 2 1 1 2 2 2 6 1 1 1 6 3 1 1 1 1 1 2 2 
22 0 31 1 1 1 1 1 1 6 3 1 2 1 4 1 2 2 1 4 3 2 4 2 2 1 3 6 1 1 2 5 2 2 
4 1 8 4 6 2 1 1 2 5 2 1 7 2 2 2 9 2 2 3 1 1 1 7 2 6 5 4 1 2 3 3 1 1 
28 0 20 4 1 1 3 5 1 3 1 3 1 1 2 4 1 4 1 1 3 4 1 
5 1 25 3 2 1 2 1 2 2 1 4 1 4 1 1 2 1 3 1 2 2 3 
46 0 22 1 6 6 1 3 4 3 2 2 1 5 1 3 2 3 3 1 5 2 2 1 1 
6 1 26 1 3 1 2 2 1 3 1 1 3 1 4 2 1 2 1 2 1 6 3 3 2 
50 0 31 2 1 2 3 2 1 3 1 3 2 3 1 1 1 2 5 1 2 1 1 1 2 3 1 1 2 4 7 1 2 5 
9 1 18 2 2 1 1 8 1 2 3 2 1 6 4 1 2 3 2 1 1 2 1 2 2 1 1 1 1 1 1 2 1 3 
53 0 2 2 2 
13 1 7 1 1 
62 0 12 2 3 5 1 1 5 2 9 1 1 2 1 
15 1 16 2 2 2 2 1 2 1 2 1 1 1 4 
67 0 10 1 3 2 1 2 2 2 4 2 1 
17 1 27 2 2 1 9 10 3 2 2 1 4 
